  TITLE= "EXAMPLE: 2D FININTE-ELEMENT DATA" 
  ZONE N=          86  ,E=           66 
  , DATAPACKING=POINT, ZONETYPE=FEQUADRILATERAL
 -29.650000000   5.396000000   9.053265056  -0.193461717
 -20.000000000   5.542000000   9.079731665   0.613716731
 -20.000000000   6.650000000   8.683214745   0.868042078
 -29.650000000   6.475000000   8.493799522  -0.141246436
 -29.650000000   3.237000000   9.135756842  -0.215889731
 -20.000000000   3.325000000   9.178246107   0.482063447
 -29.650000000   0.000000000   9.273819817  -0.235380871
 -20.000000000   0.000000000   9.293043720   0.394633856
 -36.083000000   5.299000000   9.066075512  -0.265144918
 -36.083000000   6.358000000   8.557509006  -0.260448495
 -36.083000000   3.179000000   9.077051881  -0.302450343
 -36.083000000   0.000000000   9.169115510  -0.303033164
 -39.300000000   5.250000000   8.713171844  -0.286484243
 -39.300000000   6.300000000   8.483928071  -0.310591973
 -39.300000000   3.150000000   8.692003764  -0.279214903
 -39.300000000   0.000000000   8.701095621  -0.270329685
  15.000000000   5.542000000   9.243649142  -0.016438493
  20.000000000   5.542000000   8.775669669  -0.123374385
  20.000000000   6.650000000   8.771282015  -0.143229381
  15.000000000   6.650000000   9.200937106  -0.089763594
  15.000000000   3.325000000   9.283720850   0.110068767
  20.000000000   3.325000000   8.776194943  -0.024252034
  15.000000000   0.000000000   9.295489303   0.175909988
  20.000000000   0.000000000   8.776727742   0.045243803
   0.000000000   5.542000000   9.304646852   0.526903242
   0.000000000   6.650000000   9.259450534   0.418624832
   0.000000000   3.325000000   9.326839031   0.644837380
   0.000000000   0.000000000   9.332142212   0.741810520
 -15.000000000   5.542000000   9.278261707   0.782001191
 -15.000000000   6.650000000   9.304376790   0.678736452
 -15.000000000   3.325000000   9.306452979   0.776614097
 -15.000000000   0.000000000   9.313315135   0.735868647
  15.000000000  10.322000000   9.015002837  -0.176091417
  20.000000000  10.067000000   8.749431274  -0.157631194
  20.000000000  10.750000000   8.566488879  -0.153923501
  15.000000000  11.056000000   8.568722121  -0.167139195
  15.000000000   8.853000000   9.079188711  -0.141763281
  20.000000000   8.700000000   8.779032428  -0.160166403
   0.000000000  11.088000000   9.027464160   0.206632981
   0.000000000  11.975000000   8.540175086   0.187840544
   0.000000000   9.312000000   9.109788117   0.270612660
 -15.000000000  11.853000000   9.073041525  -0.097959593
 -15.000000000  12.894000000   8.541355704  -0.198688120
 -15.000000000   9.772000000   9.122386408   0.091478732
 -20.000000000  12.108000000   8.785071943  -0.124465786
 -20.000000000  13.200000000   8.497402299  -0.140703036
 -20.000000000   9.925000000   8.790402538   0.336632872
 -29.650000000  -6.475000000   8.493799540  -0.141246390
 -20.000000000  -6.650000000   8.683214672   0.868042062
 -20.000000000  -5.542000000   9.079731636   0.613716702
 -29.650000000  -5.396000000   9.053265118  -0.193461731
 -20.000000000  -3.325000000   9.178246036   0.482063417
 -29.650000000  -3.237000000   9.135756831  -0.215889686
 -36.083000000  -6.358000000   8.557509004  -0.260448506
 -36.083000000  -5.299000000   9.066075538  -0.265144918
 -36.083000000  -3.179000000   9.077051923  -0.302450353
 -39.300000000  -6.300000000   8.483927886  -0.310591914
 -39.300000000  -5.250000000   8.713171871  -0.286484208
 -39.300000000  -3.150000000   8.692003663  -0.279214904
  15.000000000  -6.650000000   9.200937108  -0.089763585
  20.000000000  -6.650000000   8.771281913  -0.143229377
  20.000000000  -5.542000000   8.775669608  -0.123374344
  15.000000000  -5.542000000   9.243649140  -0.016438457
  20.000000000  -3.325000000   8.776194816  -0.024251862
  15.000000000  -3.325000000   9.283720907   0.110068791
   0.000000000  -6.650000000   9.259450433   0.418624906
   0.000000000  -5.542000000   9.304646822   0.526903290
   0.000000000  -3.325000000   9.326839053   0.644837520
 -15.000000000  -6.650000000   9.304376850   0.678736402
 -15.000000000  -5.542000000   9.278261745   0.782001166
 -15.000000000  -3.325000000   9.306452956   0.776614064
  15.000000000 -11.056000000   8.568722087  -0.167139190
  20.000000000 -10.750000000   8.566488685  -0.153923469
  20.000000000 -10.067000000   8.749431279  -0.157631234
  15.000000000 -10.322000000   9.015002876  -0.176091408
  20.000000000  -8.700000000   8.779032577  -0.160166371
  15.000000000  -8.853000000   9.079188724  -0.141763270
   0.000000000 -11.975000000   8.540175034   0.187840570
   0.000000000 -11.088000000   9.027464204   0.206632978
   0.000000000  -9.312000000   9.109788154   0.270612665
 -15.000000000 -12.894000000   8.541355804  -0.198688161
 -15.000000000 -11.853000000   9.073041367  -0.097959559
 -15.000000000  -9.772000000   9.122386319   0.091478746
 -20.000000000 -13.200000000   8.497402220  -0.140702977
 -20.000000000 -12.108000000   8.785072160  -0.124465768
 -20.000000000  -9.925000000   8.790402581   0.336632897
       1       2       3       4
       5       6       2       1
       7       8       6       5
       9       1       4      10
      11       5       1       9
      12       7       5      11
      13       9      10      14
      15      11       9      13
      16      12      11      15
      17      18      19      20
      21      22      18      17
      23      24      22      21
      25      17      20      26
      27      21      17      25
      28      23      21      27
      29      25      26      30
      31      27      25      29
      32      28      27      31
       2      29      30       3
       6      31      29       2
       8      32      31       6
      33      34      35      36
      37      38      34      33
      20      19      38      37
      39      33      36      40
      41      37      33      39
      26      20      37      41
      42      39      40      43
      44      41      39      42
      30      26      41      44
      45      42      43      46
      47      44      42      45
       3      30      44      47
      48      49      50      51
      51      50      52      53
      53      52       8       7
      54      48      51      55
      55      51      53      56
      56      53       7      12
      57      54      55      58
      58      55      56      59
      59      56      12      16
      60      61      62      63
      63      62      64      65
      65      64      24      23
      66      60      63      67
      67      63      65      68
      68      65      23      28
      69      66      67      70
      70      67      68      71
      71      68      28      32
      49      69      70      50
      50      70      71      52
      52      71      32       8
      72      73      74      75
      75      74      76      77
      77      76      61      60
      78      72      75      79
      79      75      77      80
      80      77      60      66
      81      78      79      82
      82      79      80      83
      83      80      66      69
      84      81      82      85
      85      82      83      86
      86      83      69      49
