    24
    1 -65.0000   0.0000   4.0000
    2  65.0000   0.0000   4.0000
    3  65.0000  28.0000   4.0000
    4 -65.0000  28.0000   4.0000
    5 -65.0000   0.0000   0.0000
    6  65.0000   0.0000   0.0000
    7  65.0000  28.0000   0.0000
    8 -65.0000  28.0000   0.0000
    9 -65.0000   0.0000  -2.0000
   10  65.0000   0.0000  -2.0000
   11  65.0000  28.0000  -2.0000
   12 -65.0000  28.0000  -2.0000
   13 -65.0000   0.0000  -6.0000
   14  65.0000   0.0000  -6.0000
   15  65.0000  28.0000  -6.0000
   16 -65.0000  28.0000  -6.0000
   17 -65.0000   0.0000 -10.0000
   18  65.0000   0.0000 -10.0000
   19  65.0000  28.0000 -10.0000
   20 -65.0000  28.0000 -10.0000
   21 -65.0000   0.0000 -14.0000
   22  65.0000   0.0000 -14.0000
   23  65.0000  28.0000 -14.0000
   24 -65.0000  28.0000 -14.0000
     5
     1     2     8     1     2     3     4     5     6     7     8
     2     2     8     5     6     7     8     9    10    11    12
     3     2     8     9    10    11    12    13    14    15    16
     4     2     8    13    14    15    16    17    18    19    20
     5     1     8    17    18    19    20    21    22    23    24
