  N=         245  E=          144  ZONETYPE=FEBrick
  DATAPACKING=POINT
   DT=(SINGLE SINGLE SINGLE SINGLE )
    11.250000    17.500000   -18.000000     0.022352    -0.054723    -0.114976    -0.008744     0.054560     0.060373
    15.000000    17.500000   -18.000000     0.002336     0.018598    -0.176003    -0.013300     0.038507     0.055605
    15.000000    21.000000   -18.000000    -0.051648    -0.053432    -0.260582    -0.014007     0.027224     0.038171
    11.250000    21.000000   -18.000000     0.100424    -0.005687    -0.193599    -0.008119     0.058312     0.046680
    11.250000    17.500000   -20.500000    -0.031610    -0.029685    -0.277715    -0.000039     0.002206     0.001945
    15.000000    17.500000   -20.500000    -0.013552    -0.028026    -0.277284    -0.000613     0.002250     0.003185
    15.000000    21.000000   -20.500000    -0.012742    -0.011847    -0.277274    -0.001867     0.002998     0.003147
    11.250000    21.000000   -20.500000    -0.029496    -0.011874    -0.277435    -0.000578     0.003156     0.002001
    11.250000    10.500000   -18.000000     0.025282     0.033811    -0.130975     0.001136     0.008865     0.063002
    15.000000    10.500000   -18.000000     0.002864     0.110318    -0.200752     0.005532     0.013419     0.057518
    11.250000    10.500000   -20.500000    -0.034604    -0.050599    -0.279984    -0.000038     0.000594     0.002046
    15.000000    10.500000   -20.500000    -0.015433    -0.047239    -0.279277    -0.000191     0.000676     0.003391
    11.250000     0.000000   -18.000000     0.037523     0.101054    -0.130395     0.000000     0.000000     0.063883
    15.000000     0.000000   -18.000000     0.006245     0.185772    -0.198646     0.000000     0.000000     0.061102
    11.250000     0.000000   -20.500000    -0.035142    -0.053361    -0.280622     0.000000     0.000000     0.002105
    15.000000     0.000000   -20.500000    -0.016018    -0.049973    -0.280083     0.000000     0.000000     0.003520
     0.000000    17.500000   -18.000000     0.133473    -0.042281    -0.120925     0.000000     0.054719     0.000000
     0.000000    21.000000   -18.000000     0.211377     0.001917    -0.206478     0.000000     0.057364     0.000000
     0.000000    17.500000   -20.500000    -0.050169    -0.032337    -0.279815     0.000000     0.002287     0.000000
     0.000000    21.000000   -20.500000    -0.046870    -0.013732    -0.279321     0.000000     0.003253     0.000000
     0.000000    10.500000   -18.000000     0.144399     0.049017    -0.136198     0.000000     0.008856     0.000000
     0.000000    10.500000   -20.500000    -0.054125    -0.054160    -0.282339     0.000000     0.000611     0.000000
     0.000000     0.000000   -18.000000     0.163709     0.112931    -0.135229     0.000000     0.000000     0.000000
     0.000000     0.000000   -20.500000    -0.054676    -0.057085    -0.283008     0.000000     0.000000     0.000000
   -11.250000    17.500000   -18.000000     0.022352    -0.054723    -0.114976     0.008744     0.054560    -0.060373
   -11.250000    21.000000   -18.000000     0.100424    -0.005687    -0.193599     0.008119     0.058312    -0.046680
   -11.250000    17.500000   -20.500000    -0.031610    -0.029685    -0.277715     0.000039     0.002206    -0.001945
   -11.250000    21.000000   -20.500000    -0.029496    -0.011874    -0.277435     0.000578     0.003156    -0.002001
   -11.250000    10.500000   -18.000000     0.025282     0.033811    -0.130975    -0.001136     0.008865    -0.063002
   -11.250000    10.500000   -20.500000    -0.034604    -0.050599    -0.279984     0.000038     0.000594    -0.002046
   -11.250000     0.000000   -18.000000     0.037523     0.101054    -0.130395     0.000000     0.000000    -0.063883
   -11.250000     0.000000   -20.500000    -0.035142    -0.053361    -0.280622     0.000000     0.000000    -0.002105
   -15.000000    17.500000   -18.000000     0.002336     0.018598    -0.176003     0.013300     0.038507    -0.055605
   -15.000000    21.000000   -18.000000    -0.051648    -0.053432    -0.260582     0.014007     0.027224    -0.038171
   -15.000000    17.500000   -20.500000    -0.013552    -0.028026    -0.277284     0.000613     0.002250    -0.003185
   -15.000000    21.000000   -20.500000    -0.012742    -0.011847    -0.277274     0.001867     0.002998    -0.003147
   -15.000000    10.500000   -18.000000     0.002864     0.110318    -0.200752    -0.005532     0.013419    -0.057518
   -15.000000    10.500000   -20.500000    -0.015433    -0.047239    -0.279277     0.000191     0.000676    -0.003391
   -15.000000     0.000000   -18.000000     0.006245     0.185772    -0.198646     0.000000     0.000000    -0.061102
   -15.000000     0.000000   -20.500000    -0.016018    -0.049973    -0.280083     0.000000     0.000000    -0.003520
    11.250000    17.500000   -23.000000    -0.065465    -0.065465    -0.319285     0.000000     0.007236     0.005669
    15.000000    17.500000   -23.000000    -0.066778    -0.066778    -0.325583     0.000000     0.007294     0.030299
    15.000000    21.000000   -23.000000    -0.068205    -0.068205    -0.332475     0.000000     0.029756     0.029216
    11.250000    21.000000   -23.000000    -0.066961    -0.066961    -0.326466     0.000000     0.031395     0.005821
    11.250000    10.500000   -23.000000    -0.065243    -0.065243    -0.318131     0.000000     0.000658     0.006042
    15.000000    10.500000   -23.000000    -0.066608    -0.066608    -0.324736     0.000000     0.000790     0.031779
    11.250000     0.000000   -23.000000    -0.065291    -0.065291    -0.318384     0.000000     0.000000     0.006151
    15.000000     0.000000   -23.000000    -0.066714    -0.066714    -0.325259     0.000000     0.000000     0.031899
     0.000000    17.500000   -23.000000    -0.065244    -0.065244    -0.318138     0.000000     0.007649     0.000000
     0.000000    21.000000   -23.000000    -0.066777    -0.066777    -0.325554     0.000000     0.032657     0.000000
     0.000000    10.500000   -23.000000    -0.065018    -0.065018    -0.316974     0.000000     0.000682     0.000000
     0.000000     0.000000   -23.000000    -0.065072    -0.065072    -0.317256     0.000000     0.000000     0.000000
   -11.250000    17.500000   -23.000000    -0.065465    -0.065465    -0.319285     0.000000     0.007236    -0.005669
   -11.250000    21.000000   -23.000000    -0.066961    -0.066961    -0.326466     0.000000     0.031395    -0.005821
   -11.250000    10.500000   -23.000000    -0.065243    -0.065243    -0.318131     0.000000     0.000658    -0.006042
   -11.250000     0.000000   -23.000000    -0.065291    -0.065291    -0.318384     0.000000     0.000000    -0.006151
   -15.000000    17.500000   -23.000000    -0.066778    -0.066778    -0.325583     0.000000     0.007294    -0.030299
   -15.000000    21.000000   -23.000000    -0.068205    -0.068205    -0.332475     0.000000     0.029756    -0.029216
   -15.000000    10.500000   -23.000000    -0.066608    -0.066608    -0.324736     0.000000     0.000790    -0.031779
   -15.000000     0.000000   -23.000000    -0.066714    -0.066714    -0.325259     0.000000     0.000000    -0.031899
    11.250000   -21.000000   -18.000000     0.100424    -0.005687    -0.193599     0.008119    -0.058312     0.046680
    15.000000   -21.000000   -18.000000    -0.051648    -0.053432    -0.260582     0.014007    -0.027224     0.038171
    15.000000   -17.500000   -18.000000     0.002336     0.018598    -0.176003     0.013300    -0.038507     0.055605
    11.250000   -17.500000   -18.000000     0.022352    -0.054723    -0.114976     0.008744    -0.054560     0.060373
    11.250000   -21.000000   -20.500000    -0.029496    -0.011874    -0.277435     0.000578    -0.003156     0.002001
    15.000000   -21.000000   -20.500000    -0.012742    -0.011847    -0.277274     0.001867    -0.002998     0.003147
    15.000000   -17.500000   -20.500000    -0.013552    -0.028026    -0.277284     0.000613    -0.002250     0.003185
    11.250000   -17.500000   -20.500000    -0.031610    -0.029685    -0.277715     0.000039    -0.002206     0.001945
    15.000000   -10.500000   -18.000000     0.002864     0.110318    -0.200752    -0.005532    -0.013419     0.057518
    11.250000   -10.500000   -18.000000     0.025282     0.033811    -0.130975    -0.001136    -0.008865     0.063002
    15.000000   -10.500000   -20.500000    -0.015433    -0.047239    -0.279277     0.000191    -0.000676     0.003391
    11.250000   -10.500000   -20.500000    -0.034604    -0.050599    -0.279984     0.000038    -0.000594     0.002046
     0.000000   -21.000000   -18.000000     0.211377     0.001917    -0.206478     0.000000    -0.057364     0.000000
     0.000000   -17.500000   -18.000000     0.133473    -0.042281    -0.120925     0.000000    -0.054719     0.000000
     0.000000   -21.000000   -20.500000    -0.046870    -0.013732    -0.279321     0.000000    -0.003253     0.000000
     0.000000   -17.500000   -20.500000    -0.050169    -0.032337    -0.279815     0.000000    -0.002287     0.000000
     0.000000   -10.500000   -18.000000     0.144399     0.049017    -0.136198     0.000000    -0.008856     0.000000
     0.000000   -10.500000   -20.500000    -0.054125    -0.054160    -0.282339     0.000000    -0.000611     0.000000
   -11.250000   -21.000000   -18.000000     0.100424    -0.005687    -0.193599    -0.008119    -0.058312    -0.046680
   -11.250000   -17.500000   -18.000000     0.022352    -0.054723    -0.114976    -0.008744    -0.054560    -0.060373
   -11.250000   -21.000000   -20.500000    -0.029496    -0.011874    -0.277435    -0.000578    -0.003156    -0.002001
   -11.250000   -17.500000   -20.500000    -0.031610    -0.029685    -0.277715    -0.000039    -0.002206    -0.001945
   -11.250000   -10.500000   -18.000000     0.025282     0.033811    -0.130975     0.001136    -0.008865    -0.063002
   -11.250000   -10.500000   -20.500000    -0.034604    -0.050599    -0.279984    -0.000038    -0.000594    -0.002046
   -15.000000   -21.000000   -18.000000    -0.051648    -0.053432    -0.260582    -0.014007    -0.027224    -0.038171
   -15.000000   -17.500000   -18.000000     0.002336     0.018598    -0.176003    -0.013300    -0.038507    -0.055605
   -15.000000   -21.000000   -20.500000    -0.012742    -0.011847    -0.277274    -0.001867    -0.002998    -0.003147
   -15.000000   -17.500000   -20.500000    -0.013552    -0.028026    -0.277284    -0.000613    -0.002250    -0.003185
   -15.000000   -10.500000   -18.000000     0.002864     0.110318    -0.200752     0.005532    -0.013419    -0.057518
   -15.000000   -10.500000   -20.500000    -0.015433    -0.047239    -0.279277    -0.000191    -0.000676    -0.003391
    11.250000   -21.000000   -23.000000    -0.066961    -0.066961    -0.326466     0.000000    -0.031395     0.005821
    15.000000   -21.000000   -23.000000    -0.068205    -0.068205    -0.332475     0.000000    -0.029756     0.029216
    15.000000   -17.500000   -23.000000    -0.066778    -0.066778    -0.325583     0.000000    -0.007294     0.030299
    11.250000   -17.500000   -23.000000    -0.065465    -0.065465    -0.319285     0.000000    -0.007236     0.005669
    15.000000   -10.500000   -23.000000    -0.066608    -0.066608    -0.324736     0.000000    -0.000790     0.031779
    11.250000   -10.500000   -23.000000    -0.065243    -0.065243    -0.318131     0.000000    -0.000658     0.006042
     0.000000   -21.000000   -23.000000    -0.066777    -0.066777    -0.325554     0.000000    -0.032657     0.000000
     0.000000   -17.500000   -23.000000    -0.065244    -0.065244    -0.318138     0.000000    -0.007649     0.000000
     0.000000   -10.500000   -23.000000    -0.065018    -0.065018    -0.316974     0.000000    -0.000682     0.000000
   -11.250000   -21.000000   -23.000000    -0.066961    -0.066961    -0.326466     0.000000    -0.031395    -0.005821
   -11.250000   -17.500000   -23.000000    -0.065465    -0.065465    -0.319285     0.000000    -0.007236    -0.005669
   -11.250000   -10.500000   -23.000000    -0.065243    -0.065243    -0.318131     0.000000    -0.000658    -0.006042
   -15.000000   -21.000000   -23.000000    -0.068205    -0.068205    -0.332475     0.000000    -0.029756    -0.029216
   -15.000000   -17.500000   -23.000000    -0.066778    -0.066778    -0.325583     0.000000    -0.007294    -0.030299
   -15.000000   -10.500000   -23.000000    -0.066608    -0.066608    -0.324736     0.000000    -0.000790    -0.031779
    11.250000    17.500000   -13.000000    -0.180473    -0.119740    -0.113609    -0.029721     0.117933     0.139452
    15.000000    17.500000   -13.000000     0.174543     0.173804    -0.161245    -0.049340     0.134338     0.337514
    15.000000    21.000000   -13.000000     0.128030     0.123555    -0.305122    -0.088627     0.294863     0.326659
    11.250000    21.000000   -13.000000     0.142521     0.197451    -0.156956    -0.042815     0.339798     0.171520
    11.250000    17.500000   -15.500000     0.227539     0.167795     0.054778    -0.026268     0.112500     0.133810
    15.000000    17.500000   -15.500000     0.406754     0.534502     0.072534    -0.023407     0.114019     0.242358
    15.000000    21.000000   -15.500000     0.262724     0.226849    -0.210607    -0.002823     0.199461     0.234884
    11.250000    21.000000   -15.500000     0.589059     0.355684     0.027166    -0.018208     0.238517     0.145679
    11.250000    10.500000   -13.000000    -0.110812    -0.075500    -0.085260    -0.007854     0.029011     0.150132
    15.000000    10.500000   -13.000000     0.197850     0.216709    -0.180813    -0.003240     0.052222     0.350534
    11.250000    10.500000   -15.500000     0.274309     0.412612     0.050956    -0.005915     0.026276     0.140978
    15.000000    10.500000   -15.500000     0.410262     0.742432     0.019196     0.001629     0.043756     0.250521
    11.250000     0.000000   -13.000000    -0.119490    -0.136713    -0.108487     0.000000     0.000000     0.156020
    15.000000     0.000000   -13.000000     0.204642     0.194442    -0.189924     0.000000     0.000000     0.361182
    11.250000     0.000000   -15.500000     0.297269     0.471398     0.048162     0.000000     0.000000     0.145629
    15.000000     0.000000   -15.500000     0.429487     0.826364     0.023602     0.000000     0.000000     0.261271
     0.000000    17.500000   -13.000000    -0.132345    -0.047925    -0.094663     0.000000     0.126902     0.000000
     0.000000    21.000000   -13.000000     0.158540     0.210653    -0.184269     0.000000     0.344827     0.000000
     0.000000    17.500000   -15.500000     0.473055     0.230583     0.062455     0.000000     0.116460     0.000000
     0.000000    21.000000   -15.500000     0.770626     0.363394    -0.017343     0.000000     0.239618     0.000000
     0.000000    10.500000   -13.000000    -0.063157    -0.011345    -0.071162     0.000000     0.028829     0.000000
     0.000000    10.500000   -15.500000     0.536971     0.479062     0.060001     0.000000     0.026412     0.000000
     0.000000     0.000000   -13.000000    -0.070666    -0.081465    -0.093513     0.000000     0.000000     0.000000
     0.000000     0.000000   -15.500000     0.566927     0.527738     0.056945     0.000000     0.000000     0.000000
   -11.250000    17.500000   -13.000000    -0.180473    -0.119740    -0.113609     0.029721     0.117933    -0.139452
   -11.250000    21.000000   -13.000000     0.142521     0.197451    -0.156956     0.042815     0.339798    -0.171520
   -11.250000    17.500000   -15.500000     0.227539     0.167795     0.054778     0.026268     0.112500    -0.133810
   -11.250000    21.000000   -15.500000     0.589059     0.355684     0.027166     0.018208     0.238517    -0.145679
   -11.250000    10.500000   -13.000000    -0.110812    -0.075500    -0.085260     0.007854     0.029011    -0.150132
   -11.250000    10.500000   -15.500000     0.274309     0.412612     0.050956     0.005915     0.026276    -0.140978
   -11.250000     0.000000   -13.000000    -0.119490    -0.136713    -0.108487     0.000000     0.000000    -0.156020
   -11.250000     0.000000   -15.500000     0.297269     0.471398     0.048162     0.000000     0.000000    -0.145629
   -15.000000    17.500000   -13.000000     0.174543     0.173804    -0.161245     0.049340     0.134338    -0.337514
   -15.000000    21.000000   -13.000000     0.128030     0.123555    -0.305122     0.088627     0.294863    -0.326659
   -15.000000    17.500000   -15.500000     0.406754     0.534502     0.072534     0.023407     0.114019    -0.242358
   -15.000000    21.000000   -15.500000     0.262724     0.226849    -0.210607     0.002823     0.199461    -0.234884
   -15.000000    10.500000   -13.000000     0.197850     0.216709    -0.180813     0.003240     0.052222    -0.350534
   -15.000000    10.500000   -15.500000     0.410262     0.742432     0.019196    -0.001629     0.043756    -0.250521
   -15.000000     0.000000   -13.000000     0.204642     0.194442    -0.189924     0.000000     0.000000    -0.361182
   -15.000000     0.000000   -15.500000     0.429487     0.826364     0.023602     0.000000     0.000000    -0.261271
    11.250000   -21.000000   -13.000000     0.142521     0.197451    -0.156956     0.042815    -0.339798     0.171520
    15.000000   -21.000000   -13.000000     0.128030     0.123555    -0.305122     0.088627    -0.294863     0.326659
    15.000000   -17.500000   -13.000000     0.174543     0.173804    -0.161245     0.049340    -0.134338     0.337514
    11.250000   -17.500000   -13.000000    -0.180473    -0.119740    -0.113609     0.029721    -0.117933     0.139452
    11.250000   -21.000000   -15.500000     0.589059     0.355684     0.027166     0.018208    -0.238517     0.145679
    15.000000   -21.000000   -15.500000     0.262724     0.226849    -0.210607     0.002823    -0.199461     0.234884
    15.000000   -17.500000   -15.500000     0.406754     0.534502     0.072534     0.023407    -0.114019     0.242358
    11.250000   -17.500000   -15.500000     0.227539     0.167795     0.054778     0.026268    -0.112500     0.133810
    15.000000   -10.500000   -13.000000     0.197850     0.216709    -0.180813     0.003240    -0.052222     0.350534
    11.250000   -10.500000   -13.000000    -0.110812    -0.075500    -0.085260     0.007854    -0.029011     0.150132
    15.000000   -10.500000   -15.500000     0.410262     0.742432     0.019196    -0.001629    -0.043756     0.250521
    11.250000   -10.500000   -15.500000     0.274309     0.412612     0.050956     0.005915    -0.026276     0.140978
     0.000000   -21.000000   -13.000000     0.158540     0.210653    -0.184269     0.000000    -0.344827     0.000000
     0.000000   -17.500000   -13.000000    -0.132345    -0.047925    -0.094663     0.000000    -0.126902     0.000000
     0.000000   -21.000000   -15.500000     0.770626     0.363394    -0.017343     0.000000    -0.239618     0.000000
     0.000000   -17.500000   -15.500000     0.473055     0.230583     0.062455     0.000000    -0.116460     0.000000
     0.000000   -10.500000   -13.000000    -0.063157    -0.011345    -0.071162     0.000000    -0.028829     0.000000
     0.000000   -10.500000   -15.500000     0.536971     0.479062     0.060001     0.000000    -0.026412     0.000000
   -11.250000   -21.000000   -13.000000     0.142521     0.197451    -0.156956    -0.042815    -0.339798    -0.171520
   -11.250000   -17.500000   -13.000000    -0.180473    -0.119740    -0.113609    -0.029721    -0.117933    -0.139452
   -11.250000   -21.000000   -15.500000     0.589059     0.355684     0.027166    -0.018208    -0.238517    -0.145679
   -11.250000   -17.500000   -15.500000     0.227539     0.167795     0.054778    -0.026268    -0.112500    -0.133810
   -11.250000   -10.500000   -13.000000    -0.110812    -0.075500    -0.085260    -0.007854    -0.029011    -0.150132
   -11.250000   -10.500000   -15.500000     0.274309     0.412612     0.050956    -0.005915    -0.026276    -0.140978
   -15.000000   -21.000000   -13.000000     0.128030     0.123555    -0.305122    -0.088627    -0.294863    -0.326659
   -15.000000   -17.500000   -13.000000     0.174543     0.173804    -0.161245    -0.049340    -0.134338    -0.337514
   -15.000000   -21.000000   -15.500000     0.262724     0.226849    -0.210607    -0.002823    -0.199461    -0.234884
   -15.000000   -17.500000   -15.500000     0.406754     0.534502     0.072534    -0.023407    -0.114019    -0.242358
   -15.000000   -10.500000   -13.000000     0.197850     0.216709    -0.180813    -0.003240    -0.052222    -0.350534
   -15.000000   -10.500000   -15.500000     0.410262     0.742432     0.019196     0.001629    -0.043756    -0.250521
    11.250000    17.500000   -10.000000     0.150533     0.285740     0.428176    -0.036344     0.030706     0.016913
    15.000000    17.500000   -10.000000     0.376437     0.286588     0.200673    -0.067071     0.060919     0.027705
    15.000000    21.000000   -10.000000     0.310322     0.298893     0.144894    -0.130975     0.070545     0.096178
    11.250000    21.000000   -10.000000     0.178409     0.396722     0.233228    -0.060659     0.015287     0.051914
    11.250000    17.500000   -11.500000    -1.072641    -0.973698    -0.651080    -0.021721     0.081798     0.083997
    15.000000    17.500000   -11.500000    -0.276560    -0.352441    -0.301397    -0.045122     0.093690     0.194314
    15.000000    21.000000   -11.500000    -0.183986    -0.165747    -0.240783    -0.101914     0.174526     0.202686
    11.250000    21.000000   -11.500000    -0.404642    -0.207589    -0.254196    -0.040702     0.189394     0.106162
    11.250000    10.500000   -10.000000     0.173405     0.131416     0.435123    -0.012061     0.000048     0.023014
    15.000000    10.500000   -10.000000     0.405606     0.192070     0.214272    -0.012885     0.009607     0.045973
    11.250000    10.500000   -11.500000    -0.960542    -1.006841    -0.550815    -0.007220     0.012493     0.092654
    15.000000    10.500000   -11.500000    -0.241082    -0.411172    -0.274066    -0.005743     0.027635     0.209244
    11.250000     0.000000   -10.000000     0.163603    -0.000191     0.429626     0.000000     0.000000     0.023664
    15.000000     0.000000   -10.000000     0.408283     0.088435     0.209823     0.000000     0.000000     0.048375
    11.250000     0.000000   -11.500000    -0.994960    -1.118077    -0.583838     0.000000     0.000000     0.096011
    15.000000     0.000000   -11.500000    -0.245794    -0.481201    -0.285528     0.000000     0.000000     0.215594
     0.000000    17.500000   -10.000000    -0.012598     0.301991     0.405957     0.000000     0.037443     0.000000
     0.000000    21.000000   -10.000000     0.044699     0.406358     0.224565     0.000000     0.032304     0.000000
     0.000000    17.500000   -11.500000    -1.086165    -0.857272    -0.565928     0.000000     0.089352     0.000000
     0.000000    21.000000   -11.500000    -0.473617    -0.184240    -0.242679     0.000000     0.198768     0.000000
     0.000000    10.500000   -10.000000     0.001936     0.136125     0.414571     0.000000    -0.001242     0.000000
     0.000000    10.500000   -11.500000    -0.988452    -0.906930    -0.476079     0.000000     0.011787     0.000000
     0.000000     0.000000   -10.000000    -0.014414    -0.007941     0.408776     0.000000     0.000000     0.000000
     0.000000     0.000000   -11.500000    -1.023341    -1.022848    -0.505611     0.000000     0.000000     0.000000
   -11.250000    17.500000   -10.000000     0.150533     0.285740     0.428176     0.036344     0.030706    -0.016913
   -11.250000    21.000000   -10.000000     0.178409     0.396722     0.233228     0.060659     0.015287    -0.051914
   -11.250000    17.500000   -11.500000    -1.072641    -0.973698    -0.651080     0.021721     0.081798    -0.083997
   -11.250000    21.000000   -11.500000    -0.404642    -0.207589    -0.254196     0.040702     0.189394    -0.106162
   -11.250000    10.500000   -10.000000     0.173405     0.131416     0.435123     0.012061     0.000048    -0.023014
   -11.250000    10.500000   -11.500000    -0.960542    -1.006841    -0.550815     0.007220     0.012493    -0.092654
   -11.250000     0.000000   -10.000000     0.163603    -0.000191     0.429626     0.000000     0.000000    -0.023664
   -11.250000     0.000000   -11.500000    -0.994960    -1.118077    -0.583838     0.000000     0.000000    -0.096011
   -15.000000    17.500000   -10.000000     0.376437     0.286588     0.200673     0.067071     0.060919    -0.027705
   -15.000000    21.000000   -10.000000     0.310322     0.298893     0.144894     0.130975     0.070545    -0.096178
   -15.000000    17.500000   -11.500000    -0.276560    -0.352441    -0.301397     0.045122     0.093690    -0.194314
   -15.000000    21.000000   -11.500000    -0.183986    -0.165747    -0.240783     0.101914     0.174526    -0.202686
   -15.000000    10.500000   -10.000000     0.405606     0.192070     0.214272     0.012885     0.009607    -0.045973
   -15.000000    10.500000   -11.500000    -0.241082    -0.411172    -0.274066     0.005743     0.027635    -0.209244
   -15.000000     0.000000   -10.000000     0.408283     0.088435     0.209823     0.000000     0.000000    -0.048375
   -15.000000     0.000000   -11.500000    -0.245794    -0.481201    -0.285528     0.000000     0.000000    -0.215594
    11.250000   -21.000000   -10.000000     0.178409     0.396722     0.233228     0.060659    -0.015287     0.051914
    15.000000   -21.000000   -10.000000     0.310322     0.298893     0.144894     0.130975    -0.070545     0.096178
    15.000000   -17.500000   -10.000000     0.376437     0.286588     0.200673     0.067071    -0.060919     0.027705
    11.250000   -17.500000   -10.000000     0.150533     0.285740     0.428176     0.036344    -0.030706     0.016913
    11.250000   -21.000000   -11.500000    -0.404642    -0.207589    -0.254196     0.040702    -0.189394     0.106162
    15.000000   -21.000000   -11.500000    -0.183986    -0.165747    -0.240783     0.101914    -0.174526     0.202686
    15.000000   -17.500000   -11.500000    -0.276560    -0.352441    -0.301397     0.045122    -0.093690     0.194314
    11.250000   -17.500000   -11.500000    -1.072641    -0.973698    -0.651080     0.021721    -0.081798     0.083997
    15.000000   -10.500000   -10.000000     0.405606     0.192070     0.214272     0.012885    -0.009607     0.045973
    11.250000   -10.500000   -10.000000     0.173405     0.131416     0.435123     0.012061    -0.000048     0.023014
    15.000000   -10.500000   -11.500000    -0.241082    -0.411172    -0.274066     0.005743    -0.027635     0.209244
    11.250000   -10.500000   -11.500000    -0.960542    -1.006841    -0.550815     0.007220    -0.012493     0.092654
     0.000000   -21.000000   -10.000000     0.044699     0.406358     0.224565     0.000000    -0.032304     0.000000
     0.000000   -17.500000   -10.000000    -0.012598     0.301991     0.405957     0.000000    -0.037443     0.000000
     0.000000   -21.000000   -11.500000    -0.473617    -0.184240    -0.242679     0.000000    -0.198768     0.000000
     0.000000   -17.500000   -11.500000    -1.086165    -0.857272    -0.565928     0.000000    -0.089352     0.000000
     0.000000   -10.500000   -10.000000     0.001936     0.136125     0.414571     0.000000     0.001242     0.000000
     0.000000   -10.500000   -11.500000    -0.988452    -0.906930    -0.476079     0.000000    -0.011787     0.000000
   -11.250000   -21.000000   -10.000000     0.178409     0.396722     0.233228    -0.060659    -0.015287    -0.051914
   -11.250000   -17.500000   -10.000000     0.150533     0.285740     0.428176    -0.036344    -0.030706    -0.016913
   -11.250000   -21.000000   -11.500000    -0.404642    -0.207589    -0.254196    -0.040702    -0.189394    -0.106162
   -11.250000   -17.500000   -11.500000    -1.072641    -0.973698    -0.651080    -0.021721    -0.081798    -0.083997
   -11.250000   -10.500000   -10.000000     0.173405     0.131416     0.435123    -0.012061    -0.000048    -0.023014
   -11.250000   -10.500000   -11.500000    -0.960542    -1.006841    -0.550815    -0.007220    -0.012493    -0.092654
   -15.000000   -21.000000   -10.000000     0.310322     0.298893     0.144894    -0.130975    -0.070545    -0.096178
   -15.000000   -17.500000   -10.000000     0.376437     0.286588     0.200673    -0.067071    -0.060919    -0.027705
   -15.000000   -21.000000   -11.500000    -0.183986    -0.165747    -0.240783    -0.101914    -0.174526    -0.202686
   -15.000000   -17.500000   -11.500000    -0.276560    -0.352441    -0.301397    -0.045122    -0.093690    -0.194314
   -15.000000   -10.500000   -10.000000     0.405606     0.192070     0.214272    -0.012885    -0.009607    -0.045973
   -15.000000   -10.500000   -11.500000    -0.241082    -0.411172    -0.274066    -0.005743    -0.027635    -0.209244
         1         2         3         4         5         6         7         8
         9        10         2         1        11        12         6         5
        13        14        10         9        15        16        12        11
        17         1         4        18        19         5         8        20
        21         9         1        17        22        11         5        19
        23        13         9        21        24        15        11        22
        25        17        18        26        27        19        20        28
        29        21        17        25        30        22        19        27
        31        23        21        29        32        24        22        30
        33        25        26        34        35        27        28        36
        37        29        25        33        38        30        27        35
        39        31        29        37        40        32        30        38
         5         6         7         8        41        42        43        44
        11        12         6         5        45        46        42        41
        15        16        12        11        47        48        46        45
        19         5         8        20        49        41        44        50
        22        11         5        19        51        45        41        49
        24        15        11        22        52        47        45        51
        27        19        20        28        53        49        50        54
        30        22        19        27        55        51        49        53
        32        24        22        30        56        52        51        55
        35        27        28        36        57        53        54        58
        38        30        27        35        59        55        53        57
        40        32        30        38        60        56        55        59
        61        62        63        64        65        66        67        68
        64        63        69        70        68        67        71        72
        70        69        14        13        72        71        16        15
        73        61        64        74        75        65        68        76
        74        64        70        77        76        68        72        78
        77        70        13        23        78        72        15        24
        79        73        74        80        81        75        76        82
        80        74        77        83        82        76        78        84
        83        77        23        31        84        78        24        32
        85        79        80        86        87        81        82        88
        86        80        83        89        88        82        84        90
        89        83        31        39        90        84        32        40
        65        66        67        68        91        92        93        94
        68        67        71        72        94        93        95        96
        72        71        16        15        96        95        48        47
        75        65        68        76        97        91        94        98
        76        68        72        78        98        94        96        99
        78        72        15        24        99        96        47        52
        81        75        76        82       100        97        98       101
        82        76        78        84       101        98        99       102
        84        78        24        32       102        99        52        56
        87        81        82        88       103       100       101       104
        88        82        84        90       104       101       102       105
        90        84        32        40       105       102        56        60
       106       107       108       109       110       111       112       113
       114       115       107       106       116       117       111       110
       118       119       115       114       120       121       117       116
       122       106       109       123       124       110       113       125
       126       114       106       122       127       116       110       124
       128       118       114       126       129       120       116       127
       130       122       123       131       132       124       125       133
       134       126       122       130       135       127       124       132
       136       128       126       134       137       129       127       135
       138       130       131       139       140       132       133       141
       142       134       130       138       143       135       132       140
       144       136       134       142       145       137       135       143
       110       111       112       113         1         2         3         4
       116       117       111       110         9        10         2         1
       120       121       117       116        13        14        10         9
       124       110       113       125        17         1         4        18
       127       116       110       124        21         9         1        17
       129       120       116       127        23        13         9        21
       132       124       125       133        25        17        18        26
       135       127       124       132        29        21        17        25
       137       129       127       135        31        23        21        29
       140       132       133       141        33        25        26        34
       143       135       132       140        37        29        25        33
       145       137       135       143        39        31        29        37
       146       147       148       149       150       151       152       153
       149       148       154       155       153       152       156       157
       155       154       119       118       157       156       121       120
       158       146       149       159       160       150       153       161
       159       149       155       162       161       153       157       163
       162       155       118       128       163       157       120       129
       164       158       159       165       166       160       161       167
       165       159       162       168       167       161       163       169
       168       162       128       136       169       163       129       137
       170       164       165       171       172       166       167       173
       171       165       168       174       173       167       169       175
       174       168       136       144       175       169       137       145
       150       151       152       153        61        62        63        64
       153       152       156       157        64        63        69        70
       157       156       121       120        70        69        14        13
       160       150       153       161        73        61        64        74
       161       153       157       163        74        64        70        77
       163       157       120       129        77        70        13        23
       166       160       161       167        79        73        74        80
       167       161       163       169        80        74        77        83
       169       163       129       137        83        77        23        31
       172       166       167       173        85        79        80        86
       173       167       169       175        86        80        83        89
       175       169       137       145        89        83        31        39
       176       177       178       179       180       181       182       183
       184       185       177       176       186       187       181       180
       188       189       185       184       190       191       187       186
       192       176       179       193       194       180       183       195
       196       184       176       192       197       186       180       194
       198       188       184       196       199       190       186       197
       200       192       193       201       202       194       195       203
       204       196       192       200       205       197       194       202
       206       198       196       204       207       199       197       205
       208       200       201       209       210       202       203       211
       212       204       200       208       213       205       202       210
       214       206       204       212       215       207       205       213
       180       181       182       183       106       107       108       109
       186       187       181       180       114       115       107       106
       190       191       187       186       118       119       115       114
       194       180       183       195       122       106       109       123
       197       186       180       194       126       114       106       122
       199       190       186       197       128       118       114       126
       202       194       195       203       130       122       123       131
       205       197       194       202       134       126       122       130
       207       199       197       205       136       128       126       134
       210       202       203       211       138       130       131       139
       213       205       202       210       142       134       130       138
       215       207       205       213       144       136       134       142
       216       217       218       219       220       221       222       223
       219       218       224       225       223       222       226       227
       225       224       189       188       227       226       191       190
       228       216       219       229       230       220       223       231
       229       219       225       232       231       223       227       233
       232       225       188       198       233       227       190       199
       234       228       229       235       236       230       231       237
       235       229       232       238       237       231       233       239
       238       232       198       206       239       233       199       207
       240       234       235       241       242       236       237       243
       241       235       238       244       243       237       239       245
       244       238       206       214       245       239       207       215
       220       221       222       223       146       147       148       149
       223       222       226       227       149       148       154       155
       227       226       191       190       155       154       119       118
       230       220       223       231       158       146       149       159
       231       223       227       233       159       149       155       162
       233       227       190       199       162       155       118       128
       236       230       231       237       164       158       159       165
       237       231       233       239       165       159       162       168
       239       233       199       207       168       162       128       136
       242       236       237       243       170       164       165       171
       243       237       239       245       171       165       168       174
       245       239       207       215       174       168       136       144
