   5.00000000000000     
        2022           3          11          20
          62
   1.00000000000000     
   2.00000000000000     
   3.00000000000000     
   4.00000000000000     
   5.00000000000000     
   6.00000000000000     
   7.00000000000000     
   8.00000000000000     
   9.00000000000000     
   10.0000000000000     
   10.5000000000000     
   11.0000000000000     
   11.5000000000000     
   12.0000000000000     
   12.5000000000000     
   13.0000000000000     
   13.5000000000000     
   14.0000000000000     
   14.5000000000000     
   15.0000000000000     
   15.5000000000000     
   16.0000000000000     
   16.1000000000000     
   16.2000000000000     
   16.3000000000000     
   16.4000000000000     
   16.5000000000000     
   16.6000000000000     
   16.7000000000000     
   16.8000000000000     
   16.9000000000000     
   17.0000000000000     
   17.1000000000000     
   17.2000000000000     
   17.3000000000000     
   17.4000000000000     
   17.5000000000000     
   17.6000000000000     
   17.7000000000000     
   17.8000000000000     
   17.9000000000000     
   18.0000000000000     
   18.1000000000000     
   18.2000000000000     
   18.3000000000000     
   18.4000000000000     
   18.5000000000000     
   18.6000000000000     
   18.7000000000000     
   18.8000000000000     
   18.9000000000000     
   19.0000000000000     
   19.1000000000000     
   19.2000000000000     
   19.3000000000000     
   19.4000000000000     
   19.5000000000000     
   19.6000000000000     
   19.7000000000000     
   19.8000000000000     
   19.9000000000000     
   20.0000000000000     
