38
1 2022 04 10 28.05 1.25
2 2022 04 12 26.91 2.72
3 2022 04 13 26.46 4.53
4 2022 04 14 25.34 5.16
5 2022 04 15 26.62 6.09
6 2022 04 16 26.10 .78
7 2022 04 17 25.62 .00
8 2022 04 18 25.12 6.29
9 2022 04 19 27.07 7.43
10 2022 04 20 23.60 3.06
11 2022 04 21 23.14 4.12
12 2022 04 25 24.44 3.09
13 2022 04 26 22.09 2.44
14 2022 04 27 21.29 1.72
15 2022 04 28 21.82 2.19
16 2022 04 29 20.28 1.19
17 2022 04 30 18.84 .09
18 2022 05 01 20.41 3.00
19 2022 05 02 20.69 2.06
20 2022 05 03 21.24 2.03
21 2022 05 04 21.39 1.62
22 2022 05 05 20.37 .00
23 2022 05 06 20.04 1.06
24 2022 05 07 19.69 1.62
25 2022 05 08 20.74 .66
26 2022 05 10 22.48 3.19
27 2022 05 11 26.62 1.41
28 2022 05 12 26.84 .69
29 2022 05 13 26.53 .03
30 2022 05 16 21.00 .00
31 2022 05 21 26.5 8.5
32 2022 05 22 27.0 8.0
33 2022 05 23 25.5 6.5
34 2022 05 24 25.0 7.0
35 2022 05 25 21.5 6.5
36 2022 05 26 23.0 7.0
37 2022 05 27 24.0 7.0
38 2022 05 28 25.0 8.0
