25
1
1 2022 05 29 20 14 16.55
2 2022 08 14 13 40 11.21
2
1 2022 09 25 19 03 9.61
2 2022 09 30 11 22 9.61
3
1 2022 10 13 20 59 10.21
4
1 2022 10 15 23 44 9.72
5
1 2022 10 27 11 42 9.97
6
1 2022 09 03 11 26 10.1
7
1 2022 11 05 10 07 10.75
8
1 2022 11 05 11 44 11.17
9
1 2022 11 07 11 42 10.64
10
1 2022 11 14 06 51 10.01
11
1 2022 11 16 14 21 9.38
12
1 2022 11 20 08 53 9.27
13
1 2022 11 17 08 07 9.9
14
1 2022 12 02 22 45 7.9
15
1 2022 12 08 02 20 8.94
16
1 2022 12 10 15 00 6.96
17
1 2022 12 15 16 24 7.89
18
1 2022 12 21 14 10 8.37
19
1 2022 12 27 16 57 8.57
20
1 2023 01 14 18 23 9.46
21
1 2023 01 16 07 53 9.63
22
1 2023 01 19 15 49 8.56
23
1 2022 08 29 07 23 null
24
1 2022 09 14 10 00 null
25
1 2022 10 26 03 55 null
2 2022 11 10 11 22 null
