30

1   1   1    3
30	22	22

2   1   1    3
30	26	26

3   1   1    3
30	25	25

4   1   1    3
30	25	25

5   1   1    3
30	26	26

6   1   1    3
70	13	13

7   1   1    3
110	13	13

8   1   1    3
110	23	23

9   1   1    3
110	23	23

10   1   1    3
130	28	28

11   1   1    3
130	19	19

12   1   1    3
130	19	19

13   1   1    3
130	19	19

14   1   1    3
130	28	28

15   1   1    3
120	21	21

16   1   1    3
106	21	21

17   1   1    3
100	21	21

18   1   1    3
100	21	21

19   1   1    3
100	21	21

20   1   1    3
100	21	21

21   1   1    3
41	21	21

22   1   1    3
30	21	21

23   1   1    3
106	21	21

24   1   1    3
100	21	21

25   1   1    3
100	21	21

26   1   1    3
100	21	21

27   1   1    3
100	21	21

28   1   1    3
41	21	21

29   1   1    3
30	21	21

30   1   1    3
30	21	21













